#== read mesh file
#   -> 8555 nodes
#   -> 320 boundary lines
#   -> 16788 triangles
#== buildListsNodesMPI
#   -> task 0 send/recv 106 nodes with task 1
#== buildLocalNumbering
#== build linear system
#== jacobi
0 0.00023937
10 0.000224075
20 0.000212627
30 0.00020219
40 0.000192702
50 0.000184102
60 0.000176336
70 0.000169348
80 0.000163087
90 0.000157505
100 0.000152556
110 0.000148197
120 0.000144389
130 0.000141093
140 0.000138274
150 0.000135899
160 0.000133937
170 0.000132357
180 0.000131132
190 0.000130237
200 0.000129646
210 0.000129337
220 0.000129288
230 0.000129479
240 0.000129891
250 0.000130506
260 0.000131307
270 0.000132279
280 0.000133407
290 0.000134678
300 0.000136077
310 0.000137594
320 0.000139217
330 0.000140936
340 0.000142739
350 0.00014462
360 0.000146568
370 0.000148575
380 0.000150635
390 0.00015274
400 0.000154883
410 0.000157059
420 0.000159262
430 0.000161487
440 0.000163729
450 0.000165983
460 0.000168245
470 0.000170512
480 0.00017278
490 0.000175045
500 0.000177305
510 0.000179556
520 0.000181797
530 0.000184024
540 0.000186236
550 0.000188431
560 0.000190607
570 0.000192763
580 0.000194896
590 0.000197006
600 0.000199092
610 0.000201152
620 0.000203186
630 0.000205192
640 0.00020717
650 0.00020912
660 0.000211041
670 0.000212932
680 0.000214793
690 0.000216623
700 0.000218424
710 0.000220193
720 0.000221932
730 0.00022364
740 0.000225317
750 0.000226964
760 0.000228579
770 0.000230164
780 0.000231719
790 0.000233243
800 0.000234737
810 0.000236201
820 0.000237636
830 0.000239041
840 0.000240417
850 0.000241765
860 0.000243084
870 0.000244375
880 0.000245639
890 0.000246875
900 0.000248084
910 0.000249267
920 0.000250424
930 0.000251554
940 0.00025266
950 0.000253741
960 0.000254797
970 0.000255829
980 0.000256837
990 0.000257822
#   -> final iteration: 1000 (prescribed max: 1000)
#   -> final residual: 2.308085e-02 (prescribed tol: 1.000000e-03)
#== Affichage Erreur 
#   -> Erreur L2 : 508.608338
